0 0.7755102040816326 [0.75238095 0.75238095] 0.7727272727272727 0.7142857142857143 0.8
1 0.7551020408163265 [0.8 0.8] 0.8181818181818182 0.5714285714285714 0.9333333333333333
2 0.8163265306122449 [0.80952381 0.80952381] 0.8181818181818182 0.5714285714285714 0.9333333333333333
3 0.7448979591836735 [0.77142857 0.77142857] 0.7727272727272727 0.5714285714285714 0.8666666666666667
4 0.7755102040816326 [0.78095238 0.78095238] 0.8636363636363636 0.7142857142857143 0.9333333333333333
5 0.7346938775510203 [0.77142857 0.77142857] 0.6818181818181818 0.5714285714285714 0.7333333333333333
6 0.7755102040816326 [0.7047619 0.7047619] 0.7272727272727273 0.42857142857142855 0.8666666666666667
7 0.7653061224489797 [0.78095238 0.78095238] 0.7272727272727273 0.42857142857142855 0.8666666666666667
8 0.7448979591836735 [0.74285714 0.74285714] 0.8636363636363636 0.7142857142857143 0.9333333333333333
9 0.7755102040816326 [0.75238095 0.75238095] 0.8181818181818182 0.7142857142857143 0.8666666666666667
0 0.8877551020408163 [0.55238095 0.55238095] 0.6363636363636364 0.14285714285714285 0.8666666666666667
1 0.8673469387755102 [0.55238095 0.55238095] 0.6818181818181818 0.2857142857142857 0.8666666666666667
2 0.8571428571428572 [0.57142857 0.57142857] 0.6363636363636364 0.14285714285714285 0.8666666666666667
3 0.8673469387755102 [0.60952381 0.60952381] 0.6818181818181818 0.2857142857142857 0.8666666666666667
4 0.8877551020408163 [0.53333333 0.53333333] 0.6818181818181818 0.2857142857142857 0.8666666666666667
5 0.8979591836734695 [0.55238095 0.55238095] 0.6363636363636364 0.14285714285714285 0.8666666666666667
6 0.8877551020408163 [0.54285714 0.54285714] 0.6363636363636364 0.14285714285714285 0.8666666666666667
7 0.8571428571428572 [0.55238095 0.55238095] 0.6818181818181818 0.2857142857142857 0.8666666666666667
8 0.8877551020408163 [0.56190476 0.56190476] 0.6363636363636364 0.2857142857142857 0.8
9 0.8775510204081634 [0.6 0.6] 0.6818181818181818 0.2857142857142857 0.8666666666666667
0 0.9285714285714286 [0.83809524 0.83809524] 0.7727272727272727 0.42857142857142855 0.9333333333333333
1 0.9387755102040816 [0.74285714 0.74285714] 0.7272727272727273 0.2857142857142857 0.9333333333333333
2 0.8775510204081632 [0.85714286 0.85714286] 0.7727272727272727 0.42857142857142855 0.9333333333333333
3 0.9285714285714286 [0.84761905 0.84761905] 0.7272727272727273 0.2857142857142857 0.9333333333333333
4 0.9591836734693877 [0.81904762 0.81904762] 0.7727272727272727 0.42857142857142855 0.9333333333333333
5 0.9489795918367347 [0.60952381 0.60952381] 0.7272727272727273 0.2857142857142857 0.9333333333333333
6 0.9489795918367347 [0.81904762 0.81904762] 0.7727272727272727 0.42857142857142855 0.9333333333333333
7 0.9795918367346939 [0.73333333 0.73333333] 0.7272727272727273 0.5714285714285714 0.8
8 0.9795918367346939 [0.62857143 0.62857143] 0.6818181818181818 0.0 1.0
9 1.0 [0.65714286 0.65714286] 0.7272727272727273 0.14285714285714285 1.0
0 0.846938775510204 [0.71111111 0.71111111] 0.8095238095238095 0.5 0.9333333333333333
1 0.8163265306122449 [0.82222222 0.82222222] 0.7619047619047619 0.3333333333333333 0.9333333333333333
2 0.8367346938775511 [0.92222222 0.92222222] 0.8095238095238095 0.5 0.9333333333333333
3 0.8265306122448979 [0.92222222 0.92222222] 0.7619047619047619 0.16666666666666666 1.0
4 0.8061224489795918 [0.95555556 0.95555556] 0.8571428571428571 0.5 1.0
5 0.8265306122448979 [0.96666667 0.96666667] 0.9047619047619048 0.6666666666666666 1.0
6 0.846938775510204 [0.9 0.9] 0.8095238095238095 0.5 0.9333333333333333
7 0.8367346938775511 [0.83333333 0.83333333] 0.8095238095238095 0.5 0.9333333333333333
8 0.826530612244898 [0.93333333 0.93333333] 0.9047619047619048 0.6666666666666666 1.0
9 0.846938775510204 [0.96666667 0.96666667] 0.8571428571428571 0.5 1.0
0 0.9111111111111112 [0.7244898 0.7244898] 0.5238095238095238 0.0 0.7857142857142857
1 0.8777777777777778 [0.7244898 0.7244898] 0.6666666666666666 0.14285714285714285 0.9285714285714286
2 0.8555555555555556 [0.51020408 0.51020408] 0.6666666666666666 0.0 1.0
3 0.8777777777777778 [0.79591837 0.79591837] 0.6190476190476191 0.0 0.9285714285714286
4 0.8666666666666667 [0.60204082 0.60204082] 0.6666666666666666 0.0 1.0
5 0.8777777777777778 [0.64285714 0.64285714] 0.6190476190476191 0.0 0.9285714285714286
6 0.9111111111111112 [0.89795918 0.89795918] 0.6666666666666666 0.0 1.0
7 0.8777777777777778 [0.65306122 0.65306122] 0.6190476190476191 0.0 0.9285714285714286
8 0.8777777777777778 [0.65306122 0.65306122] 0.6666666666666666 0.14285714285714285 0.9285714285714286
9 0.9333333333333333 [0.78571429 0.78571429] 0.6190476190476191 0.0 0.9285714285714286
